#sphere pos r material
#material color lambda
#pointlight pos color
#directional dir color

#sphere -5.0  5.0 0.0 2.0 10.0 10.0 10.0 0.5
#sphere  0.0  5.0 0.0 2.0 0.0 30.0 0.0 0.05
#sphere  5.0  5.0 0.0 2.0 10.0 10.0 10.0 0.5
#sphere -5.0  0.0 0.0 2.0 10.0 10.0 10.0 0.5
#sphere  0.0  0.0 0.0 2.0 10.0 10.0 10.0 0.05
#sphere  5.0  0.0 0.0 2.0 10.0 10.0 10.0 0.5
#sphere -5.0 -5.0 0.0 2.0 10.0 10.0 10.0 0.5
#sphere  0.0 -5.0 0.0 2.0 10.0 10.0 10.0 0.5
sphere  -3.0 -3.0 10.0 2.0 10.0 10.0 10.0 0.05
sphere  0.0 -3.0 10.0 2.0 10.0 10.0 10.0 0.05
sphere  3.0 -3.0 10.0 2.0 10.0 10.0 10.0 0.05
sphere  6.0 -3.0 10.0 2.0 10.0 10.0 10.0 0.05
sphere  0.0 3.0 10.0 2.0 10.0 10.0 10.0 0.05
sphere  6.0 3.0 10.0 2.0 10.0 10.0 10.0 0.05
sphere  -3.0 3.0 10.0 2.0 10.0 10.0 10.0 0.05

sphere 0.0 0.0 0.0 4.0 10.0 10.0 10.0 0.04

pointlight 0.0  9.0 0.0 0.0 0.0 30.0
pointlight 0.0 -9.0 0.0 30.0 0.0 0.0
